xof 0303txt 0032
template ColorRGBA {
 <35ff44e0-6c7c-11cf-8f52-0040333594a3>
 FLOAT red;
 FLOAT green;
 FLOAT blue;
 FLOAT alpha;
}

template ColorRGB {
 <d3e16e81-7835-11cf-8f52-0040333594a3>
 FLOAT red;
 FLOAT green;
 FLOAT blue;
}

template Material {
 <3d82ab4d-62da-11cf-ab39-0020af71e433>
 ColorRGBA faceColor;
 FLOAT power;
 ColorRGB specularColor;
 ColorRGB emissiveColor;
 [...]
}

template TextureFilename {
 <a42790e1-7810-11cf-8f52-0040333594a3>
 STRING filename;
}

template Frame {
 <3d82ab46-62da-11cf-ab39-0020af71e433>
 [...]
}

template Matrix4x4 {
 <f6f23f45-7686-11cf-8f52-0040333594a3>
 array FLOAT matrix[16];
}

template FrameTransformMatrix {
 <f6f23f41-7686-11cf-8f52-0040333594a3>
 Matrix4x4 frameMatrix;
}

template Vector {
 <3d82ab5e-62da-11cf-ab39-0020af71e433>
 FLOAT x;
 FLOAT y;
 FLOAT z;
}

template MeshFace {
 <3d82ab5f-62da-11cf-ab39-0020af71e433>
 DWORD nFaceVertexIndices;
 array DWORD faceVertexIndices[nFaceVertexIndices];
}

template Mesh {
 <3d82ab44-62da-11cf-ab39-0020af71e433>
 DWORD nVertices;
 array Vector vertices[nVertices];
 DWORD nFaces;
 array MeshFace faces[nFaces];
 [...]
}

template MeshMaterialList {
 <f6f23f42-7686-11cf-8f52-0040333594a3>
 DWORD nMaterials;
 DWORD nFaceIndexes;
 array DWORD faceIndexes[nFaceIndexes];
 [Material <3d82ab4d-62da-11cf-ab39-0020af71e433>]
}

template VertexElement {
 <f752461c-1e23-48f6-b9f8-8350850f336f>
 DWORD Type;
 DWORD Method;
 DWORD Usage;
 DWORD UsageIndex;
}

template DeclData {
 <bf22e553-292c-4781-9fea-62bd554bdd93>
 DWORD nElements;
 array VertexElement Elements[nElements];
 DWORD nDWords;
 array DWORD data[nDWords];
}

template XSkinMeshHeader {
 <3cf169ce-ff7c-44ab-93c0-f78f62d172e2>
 WORD nMaxSkinWeightsPerVertex;
 WORD nMaxSkinWeightsPerFace;
 WORD nBones;
}

template SkinWeights {
 <6f0d123b-bad2-4167-a0d0-80224f25fabb>
 STRING transformNodeName;
 DWORD nWeights;
 array DWORD vertexIndices[nWeights];
 array FLOAT weights[nWeights];
 Matrix4x4 matrixOffset;
}

template AnimTicksPerSecond {
 <9e415a43-7ba6-4a73-8743-b73d47e88476>
 DWORD AnimTicksPerSecond;
}

template Animation {
 <3d82ab4f-62da-11cf-ab39-0020af71e433>
 [...]
}

template AnimationSet {
 <3d82ab50-62da-11cf-ab39-0020af71e433>
 [Animation <3d82ab4f-62da-11cf-ab39-0020af71e433>]
}

template FloatKeys {
 <10dd46a9-775b-11cf-8f52-0040333594a3>
 DWORD nValues;
 array FLOAT values[nValues];
}

template TimedFloatKeys {
 <f406b180-7b3b-11cf-8f52-0040333594a3>
 DWORD time;
 FloatKeys tfkeys;
}

template AnimationKey {
 <10dd46a8-775b-11cf-8f52-0040333594a3>
 DWORD keyType;
 DWORD nKeys;
 array TimedFloatKeys keys[nKeys];
}


Material mat_hands {
 1.000000;1.000000;1.000000;1.000000;;
 10.000000;
 0.000000;0.000000;0.000000;;
 0.000000;0.000000;0.000000;;

 TextureFilename {
  "tex_hands_dif.png";
 }
}

Frame root {
 

 FrameTransformMatrix {
  1.000000,0.000000,0.000000,0.000000,0.000000,1.000000,0.000000,0.000000,0.000000,0.000000,1.000000,0.000000,0.000000,0.000000,0.000000,1.000000;;
 }

 Frame Bip01 {
  

  FrameTransformMatrix {
   -0.000001,0.000000,1.000000,0.000000,0.000000,1.000000,0.000000,0.000000,-1.000000,0.000000,-0.000001,0.000000,0.000000,97.861510,11.037201,1.000000;;
  }

  Frame Bip01_Pelvis {
   

   FrameTransformMatrix {
    0.000000,1.000000,-0.000001,0.000000,-0.000001,0.000001,1.000000,0.000000,1.000000,-0.000000,0.000001,0.000000,0.000000,0.000000,0.000000,1.000000;;
   }

   Frame Bip01_Spine {
    

    FrameTransformMatrix {
     1.000000,-0.000613,0.000507,0.000000,-0.000001,0.636325,0.771421,0.000000,-0.000795,-0.771421,0.636325,0.000000,10.118576,0.027813,-0.022936,1.000000;;
    }

    Frame Bip01_L_Thigh {
     

     FrameTransformMatrix {
      -0.995004,-0.000792,0.099834,0.000000,0.000796,-1.000000,0.000001,0.000000,0.099834,0.000081,0.995005,0.000000,-10.125580,8.790695,0.036025,1.000000;;
     }

     Frame Bip01_L_Calf {
      

      FrameTransformMatrix {
       0.980066,-0.000000,-0.198669,0.000000,0.000000,1.000000,-0.000000,0.000000,0.198669,0.000000,0.980066,0.000000,43.993802,-0.000004,0.000000,1.000000;;
      }

      Frame Bip01_L_Foot {
       

       FrameTransformMatrix {
        0.995004,0.000000,0.099833,0.000000,-0.000000,1.000000,0.000000,0.000000,-0.099833,-0.000000,0.995004,0.000000,43.993811,0.000004,0.000000,1.000000;;
       }

       Frame Bip01_L_Toe0 {
        

        FrameTransformMatrix {
         -0.000000,-0.000000,1.000000,0.000000,0.000000,1.000000,-0.000000,0.000000,-1.000000,0.000000,-0.000000,0.000000,10.118569,-0.000006,13.022162,1.000000;;
        }

        Frame Dummy16 {
         

         FrameTransformMatrix {
          -1.000000,-0.000000,0.000000,0.000000,-0.000000,1.000000,0.000000,0.000000,-0.000000,-0.000000,-1.000000,0.000000,1.319813,0.000002,-0.000000,1.000000;;
         }
        }
       }
      }
     }
    }

    Frame Bip01_R_Thigh {
     

     FrameTransformMatrix {
      -0.995004,-0.000792,0.099834,0.000000,0.000796,-1.000000,0.000001,0.000000,0.099834,0.000081,0.995005,0.000000,-10.111572,-8.806810,0.036051,1.000000;;
     }

     Frame Bip01_R_Calf {
      

      FrameTransformMatrix {
       0.980067,-0.000000,-0.198669,0.000000,0.000000,1.000000,0.000000,0.000000,0.198669,-0.000000,0.980067,0.000000,43.993792,-0.000012,0.000000,1.000000;;
      }

      Frame Bip01_R_Foot {
       

       FrameTransformMatrix {
        0.995004,0.000000,0.099833,0.000000,-0.000000,1.000000,-0.000000,0.000000,-0.099833,0.000000,0.995004,0.000000,43.993792,0.000000,0.000002,1.000000;;
       }

       Frame Bip01_R_Toe0 {
        

        FrameTransformMatrix {
         -0.000000,-0.000000,1.000000,0.000000,0.000000,1.000000,-0.000000,0.000000,-1.000000,0.000000,-0.000000,0.000000,10.118573,-0.000005,13.022164,1.000000;;
        }

        Frame Dummy11 {
         

         FrameTransformMatrix {
          1.000000,0.000000,0.000000,0.000000,0.000000,1.000000,0.000000,0.000000,-0.000000,0.000000,1.000000,0.000000,1.319813,0.000000,-0.000000,1.000000;;
         }
        }
       }
      }
     }
    }

    Frame Bip01_Neck {
     

     FrameTransformMatrix {
      1.000000,-0.000000,0.000000,0.000000,0.000000,1.000000,0.000000,0.000000,0.000000,-0.000000,1.000000,0.000000,45.256698,-0.000001,-0.005255,1.000000;;
     }

     Frame Bip01_Head {
      

      FrameTransformMatrix {
       1.000000,-0.000001,-0.000797,0.000000,-0.000614,0.636329,-0.771418,0.000000,0.000508,0.771418,0.636328,0.000000,6.599090,0.000002,0.000000,1.000000;;
      }

      Frame Dummy21 {
       

       FrameTransformMatrix {
        1.000000,-0.000000,0.000000,0.000000,0.000000,1.000000,-0.000000,0.000000,-0.000000,-0.000000,1.000000,0.000000,20.677062,0.000038,-0.000032,1.000000;;
       }
      }
     }

     Frame Bip01_L_Clavicle {
      

      FrameTransformMatrix {
       -0.491308,0.610562,0.621152,0.000000,0.870985,0.344866,0.349931,0.000000,-0.000559,0.712939,-0.701226,0.000000,-2.140228,3.528586,0.006950,1.000000;;
      }

      Frame Bip01_L_UpperArm {
       

       FrameTransformMatrix {
        0.457084,-0.845897,0.274830,0.000000,0.051660,0.333725,0.941254,0.000000,-0.887922,-0.416035,0.196240,0.000000,15.595710,0.000031,-0.000001,1.000000;;
       }

       Frame Bip01_L_Forearm {
        

        FrameTransformMatrix {
         0.999996,0.000000,-0.002847,0.000000,-0.000000,1.000000,0.000000,0.000000,0.002847,0.000000,0.999996,0.000000,28.198304,0.000004,0.000002,1.000000;;
        }

        Frame Bip01_L_Hand {
         

         FrameTransformMatrix {
          0.687412,0.337211,-0.643236,0.000000,0.255787,-0.941336,-0.220134,0.000000,-0.679733,-0.013209,-0.733340,0.000000,28.148224,0.000000,0.000005,1.000000;;
         }

         Frame Bip01_L_Finger0 {
          

          FrameTransformMatrix {
           0.825626,-0.559803,0.070448,0.000000,0.440298,0.561172,-0.700874,0.000000,0.352818,0.609678,0.709798,0.000000,0.244082,-1.679783,0.657867,1.000000;;
          }

          Frame Bip01_L_Finger01 {
           

           FrameTransformMatrix {
            0.989565,0.000000,0.144084,0.000000,-0.000000,1.000000,-0.000000,0.000000,-0.144084,0.000000,0.989565,0.000000,3.788832,-0.000015,-0.000004,1.000000;;
           }

           Frame Bip01_L_Finger02 {
            

            FrameTransformMatrix {
             0.999799,0.000000,0.020042,0.000000,-0.000000,1.000000,0.000000,0.000000,-0.020042,0.000000,0.999799,0.000000,4.448961,0.000008,0.000012,1.000000;;
            }

            Frame Dummy06 {
             

             FrameTransformMatrix {
              1.000000,-0.000000,-0.000000,0.000000,0.000000,1.000000,0.000000,0.000000,-0.000000,-0.000000,1.000000,0.000000,3.973583,-0.000015,0.000009,1.000000;;
             }
            }
           }
          }
         }

         Frame Bip01_L_Finger1 {
          

          FrameTransformMatrix {
           0.997200,-0.060792,0.043544,0.000000,0.060921,0.998142,-0.001648,0.000000,-0.043363,0.004297,0.999050,0.000000,9.945587,-2.842575,-0.604118,1.000000;;
          }

          Frame Bip01_L_Finger11 {
           

           FrameTransformMatrix {
            0.992654,0.000000,0.120989,0.000000,-0.000000,1.000000,0.000000,0.000000,-0.120989,-0.000000,0.992654,0.000000,2.895500,0.000008,-0.000008,1.000000;;
           }

           Frame Bip01_L_Finger12 {
            

            FrameTransformMatrix {
             0.997165,-0.000000,0.075251,0.000000,0.000000,1.000000,-0.000000,0.000000,-0.075251,0.000000,0.997165,0.000000,2.881523,0.000008,-0.000008,1.000000;;
            }

            Frame Dummy07 {
             

             FrameTransformMatrix {
              1.000000,-0.000000,0.000000,0.000000,0.000000,1.000000,0.000000,0.000000,0.000000,0.000000,1.000000,0.000000,2.820679,-0.000008,0.000000,1.000000;;
             }
            }
           }
          }
         }

         Frame Bip01_L_Finger2 {
          

          FrameTransformMatrix {
           0.651650,0.047280,0.757045,0.000000,-0.060661,0.998107,-0.010119,0.000000,-0.756090,-0.039329,0.653285,0.000000,9.993238,-0.183842,-1.033196,1.000000;;
          }

          Frame Bip01_L_Finger21 {
           

           FrameTransformMatrix {
            0.415153,0.000000,0.909752,0.000000,0.000000,1.000000,0.000000,0.000000,-0.909752,0.000000,0.415153,0.000000,3.585808,0.000004,0.000004,1.000000;;
           }

           Frame Bip01_L_Finger22 {
            

            FrameTransformMatrix {
             0.665874,0.000000,0.746064,0.000000,-0.000000,1.000000,0.000000,0.000000,-0.746065,-0.000000,0.665874,0.000000,3.134094,0.000000,-0.000004,1.000000;;
            }

            Frame Dummy08 {
             

             FrameTransformMatrix {
              1.000000,0.000000,0.000000,0.000000,0.000000,1.000000,-0.000000,0.000000,0.000000,0.000000,1.000000,0.000000,3.290817,0.000000,-0.000015,1.000000;;
             }
            }
           }
          }
         }

         Frame Bip01_L_Finger3 {
          

          FrameTransformMatrix {
           -0.027521,0.005847,0.999604,0.000000,-0.258465,0.965936,-0.012766,0.000000,-0.965629,-0.258714,-0.025072,0.000000,9.716341,2.082199,-0.671257,1.000000;;
          }

          Frame Bip01_L_Finger31 {
           

           FrameTransformMatrix {
            0.672355,-0.000000,0.740228,0.000000,0.000000,1.000000,-0.000000,0.000000,-0.740228,-0.000000,0.672355,0.000000,3.074554,0.000008,0.000004,1.000000;;
           }

           Frame Bip01_L_Finger32 {
            

            FrameTransformMatrix {
             0.672356,0.000000,0.740228,0.000000,-0.000000,1.000000,0.000000,0.000000,-0.740228,-0.000000,0.672356,0.000000,2.905312,0.000000,0.000002,1.000000;;
            }

            Frame Dummy09 {
             

             FrameTransformMatrix {
              1.000000,-0.000000,0.000000,0.000000,-0.000000,1.000000,0.000000,0.000000,-0.000000,-0.000000,1.000000,0.000000,2.820686,0.000000,-0.000023,1.000000;;
             }
            }
           }
          }
         }

         Frame Bip01_L_Finger4 {
          

          FrameTransformMatrix {
           -0.292372,-0.118113,0.948983,0.000000,-0.437388,0.898982,-0.022865,0.000000,-0.850418,-0.421759,-0.314499,0.000000,8.326065,4.231682,0.152855,1.000000;;
          }

          Frame Bip01_L_Finger41 {
           

           FrameTransformMatrix {
            0.672356,-0.000000,0.740229,0.000000,0.000000,1.000000,0.000000,0.000000,-0.740229,0.000000,0.672356,0.000000,2.635742,0.000000,-0.000002,1.000000;;
           }

           Frame Bip01_L_Finger42 {
            

            FrameTransformMatrix {
             0.672356,0.000000,0.740228,0.000000,-0.000000,1.000000,0.000000,0.000000,-0.740228,-0.000000,0.672356,0.000000,2.213638,0.000004,0.000000,1.000000;;
            }

            Frame Dummy10 {
             

             FrameTransformMatrix {
              1.000000,-0.000000,0.000000,0.000000,-0.000000,1.000000,0.000000,0.000000,0.000000,-0.000000,1.000000,0.000000,2.350586,0.000004,0.000008,1.000000;;
             }
            }
           }
          }
         }
        }

        Frame L_Arm_bone {
         

         FrameTransformMatrix {
          0.999999,0.000710,0.000000,0.000000,0.000610,-0.858617,-0.512617,0.000000,-0.000364,0.512617,-0.858618,0.000000,18.655251,-0.271988,0.186281,1.000000;;
         }

         Frame L_Wrist_bone {
          

          FrameTransformMatrix {
           1.000000,0.000003,-0.000006,0.000000,-0.000003,1.000000,0.000007,0.000000,0.000006,-0.000008,1.000000,0.000000,9.504387,-0.103951,-0.056145,1.000000;;
          }
         }
        }
       }
      }
     }

     Frame Bip01_R_Clavicle {
      

      FrameTransformMatrix {
       -0.540800,-0.768590,-0.341766,0.000000,-0.841151,0.493798,0.220521,0.000000,-0.000727,0.406735,-0.913546,0.000000,-2.140228,-3.528584,0.006969,1.000000;;
      }

      Frame Bip01_R_UpperArm {
       

       FrameTransformMatrix {
        0.928220,0.328958,0.173764,0.000000,-0.291689,0.353592,0.888758,0.000000,0.230923,-0.875648,0.424165,0.000000,15.595710,-0.000015,-0.000000,1.000000;;
       }

       Frame Bip01_R_Forearm {
        

        FrameTransformMatrix {
         -0.188851,0.000000,-0.982006,0.000000,-0.000000,1.000000,0.000000,0.000000,0.982006,0.000000,-0.188851,0.000000,28.198288,0.000000,-0.000008,1.000000;;
        }

        Frame Bip01_R_Hand {
         

         FrameTransformMatrix {
          0.665260,0.652435,0.362985,0.000000,0.321441,0.188523,-0.927974,0.000000,-0.673874,0.734021,-0.084302,0.000000,28.148224,0.000000,0.000000,1.000000;;
         }

         Frame Bip01_R_Finger0 {
          

          FrameTransformMatrix {
           0.645695,0.439435,0.624480,0.000000,-0.599365,-0.215046,0.771050,0.000000,0.473118,-0.872154,0.124528,0.000000,0.244072,1.679779,0.657862,1.000000;;
          }

          Frame Bip01_R_Finger01 {
           

           FrameTransformMatrix {
            0.853374,-0.000000,0.521299,0.000000,0.000000,1.000000,0.000000,0.000000,-0.521299,-0.000000,0.853374,0.000000,3.788834,-0.000004,0.000000,1.000000;;
           }

           Frame Bip01_R_Finger02 {
            

            FrameTransformMatrix {
             0.537268,0.000000,0.843411,0.000000,-0.000000,1.000000,-0.000000,0.000000,-0.843411,0.000000,0.537268,0.000000,4.448944,0.000000,0.000008,1.000000;;
            }

            Frame Dummy01 {
             

             FrameTransformMatrix {
              -1.000000,0.000000,0.000000,0.000000,0.000000,1.000001,0.000000,0.000000,0.000000,-0.000000,-1.000000,0.000000,3.973595,0.000000,0.000015,1.000000;;
             }
            }
           }
          }
         }

         Frame Bip01_R_Finger1 {
          

          FrameTransformMatrix {
           0.859862,0.083448,0.503660,0.000000,-0.106747,0.994132,0.017530,0.000000,-0.499242,-0.068837,0.863724,0.000000,9.945594,2.842567,-0.604134,1.000000;;
          }

          Frame Bip01_R_Finger11 {
           

           FrameTransformMatrix {
            0.989694,-0.000000,0.143200,0.000000,0.000000,1.000000,0.000000,0.000000,-0.143200,0.000000,0.989694,0.000000,2.895496,-0.000015,-0.000004,1.000000;;
           }

           Frame Bip01_R_Finger12 {
            

            FrameTransformMatrix {
             0.247710,0.000000,0.968834,0.000000,-0.000000,1.000000,0.000000,0.000000,-0.968834,-0.000000,0.247710,0.000000,2.881531,0.000015,-0.000004,1.000000;;
            }

            Frame Dummy02 {
             

             FrameTransformMatrix {
              -1.000000,-0.000000,-0.000000,0.000000,-0.000000,1.000000,0.000000,0.000000,0.000000,0.000000,-1.000000,0.000000,2.820675,0.000000,-0.000004,1.000000;;
             }
            }
           }
          }
         }

         Frame Bip01_R_Finger2 {
          

          FrameTransformMatrix {
           0.450863,0.135239,0.882288,0.000000,0.204988,0.946348,-0.249810,0.000000,-0.868736,0.293489,0.398952,0.000000,9.993248,0.183853,-1.033196,1.000000;;
          }

          Frame Bip01_R_Finger21 {
           

           FrameTransformMatrix {
            0.583822,-0.000000,0.811882,0.000000,0.000000,1.000000,0.000000,0.000000,-0.811882,-0.000000,0.583822,0.000000,3.585807,0.000004,0.000008,1.000000;;
           }

           Frame Bip01_R_Finger22 {
            

            FrameTransformMatrix {
             0.576719,0.000000,0.816943,0.000000,-0.000000,1.000000,0.000000,0.000000,-0.816943,-0.000000,0.576719,0.000000,3.134102,-0.000004,-0.000004,1.000000;;
            }

            Frame Dummy03 {
             

             FrameTransformMatrix {
              -1.000000,0.000000,-0.000000,0.000000,0.000000,1.000000,-0.000000,0.000000,0.000000,-0.000000,-1.000000,0.000000,3.290802,0.000000,0.000000,1.000000;;
             }
            }
           }
          }
         }

         Frame Bip01_R_Finger3 {
          

          FrameTransformMatrix {
           0.208515,0.200092,0.957332,0.000000,0.136102,0.963387,-0.231001,0.000000,-0.968503,0.178462,0.173648,0.000000,9.716354,-2.082207,-0.671263,1.000000;;
          }

          Frame Bip01_R_Finger31 {
           

           FrameTransformMatrix {
            0.449211,-0.000000,0.893426,0.000000,-0.000000,1.000000,0.000000,0.000000,-0.893426,-0.000000,0.449211,0.000000,3.074557,0.000000,0.000015,1.000000;;
           }

           Frame Bip01_R_Finger32 {
            

            FrameTransformMatrix {
             0.449211,0.000000,0.893426,0.000000,-0.000000,1.000000,-0.000000,0.000000,-0.893426,0.000000,0.449211,0.000000,2.905312,0.000000,-0.000002,1.000000;;
            }

            Frame Dummy04 {
             

             FrameTransformMatrix {
              -1.000001,0.000000,0.000000,0.000000,0.000000,1.000000,0.000001,0.000000,-0.000000,0.000001,-1.000000,0.000000,2.820698,0.000000,-0.000008,1.000000;;
             }
            }
           }
          }
         }

         Frame Bip01_R_Finger4 {
          

          FrameTransformMatrix {
           0.413057,0.115683,0.903328,0.000000,0.326883,0.906970,-0.265621,0.000000,-0.850019,0.404999,0.336815,0.000000,8.326073,-4.231690,0.152853,1.000000;;
          }

          Frame Bip01_R_Finger41 {
           

           FrameTransformMatrix {
            0.350185,0.000000,0.936681,0.000000,-0.000000,1.000000,-0.000000,0.000000,-0.936681,-0.000000,0.350185,0.000000,2.635744,0.000000,-0.000015,1.000000;;
           }

           Frame Bip01_R_Finger42 {
            

            FrameTransformMatrix {
             0.350185,-0.000000,0.936681,0.000000,0.000000,1.000000,0.000000,0.000000,-0.936681,0.000000,0.350185,0.000000,2.213631,0.000000,-0.000004,1.000000;;
            }

            Frame Dummy05 {
             

             FrameTransformMatrix {
              -1.000000,-0.000000,-0.000000,0.000000,-0.000000,1.000000,-0.000000,0.000000,-0.000000,-0.000000,-1.000000,0.000000,2.350586,-0.000008,0.000000,1.000000;;
             }
            }
           }
          }
         }
        }

        Frame R_Arm_bone {
         

         FrameTransformMatrix {
          -1.000000,0.000710,-0.000003,0.000000,-0.000710,-1.000000,0.000000,0.000000,-0.000003,0.000000,1.000000,0.000000,21.406632,-0.009781,0.006683,1.000000;;
         }

         Frame R_Wrist_bone {
          

          FrameTransformMatrix {
           1.000000,-0.000002,-0.000000,0.000000,0.000002,1.000000,0.000001,0.000000,0.000000,-0.000001,1.000000,0.000000,-7.804638,-0.038101,-0.088158,1.000000;;
          }
         }
        }
       }
      }
     }
    }
   }
  }

  Frame Weapon {
   

   FrameTransformMatrix {
    0.535480,-0.247560,-0.807449,0.000000,0.655001,0.725275,0.212015,0.000000,0.533136,-0.642410,0.550523,0.000000,-0.692721,3.299187,-2.194617,1.000000;;
   }
  }
 }

 Frame skel_hands {
  

  FrameTransformMatrix {
   1.000000,0.000000,0.000000,0.000000,0.000000,1.000000,0.000000,0.000000,0.000000,0.000000,1.000000,0.000000,0.000000,0.000000,0.000000,1.000000;;
  }

  Mesh skel_hands {
   1913;
   84.317472;142.947878;-9.366819;,
   84.070726;143.849843;-9.727474;,
   84.790406;143.865997;-9.989059;,
   -44.872288;141.177382;-13.340986;,
   -36.461965;137.921472;-9.979622;,
   -48.855686;141.119757;-13.572978;,
   -36.462602;141.385229;-12.504412;,
   -56.418803;142.098394;-12.580738;,
   -56.696845;138.996275;-10.300904;,
   -58.404390;140.001958;-9.767340;,
   -51.250554;137.822720;-10.924536;,
   -51.481120;141.236480;-12.199722;,
   -45.943517;137.675264;-10.914411;,
   -44.747754;135.938726;-7.728037;,
   -36.461536;135.997491;-7.073269;,
   -36.461158;135.047398;-2.874585;,
   -44.126781;135.503270;-3.232698;,
   -59.019194;142.381581;-11.371669;,
   -61.495642;140.289984;-10.303158;,
   -61.585389;142.661043;-11.240278;,
   -61.379386;138.501069;-7.563028;,
   -64.089734;140.049190;-4.453275;,
   -64.089952;140.450560;-6.875240;,
   -64.090253;141.605862;-9.064914;,
   -64.090528;143.136141;-9.744982;,
   -60.614848;142.892672;0.130119;,
   -64.089933;142.812198;-0.303435;,
   -64.089734;141.631014;-0.784611;,
   -60.734240;140.374387;-0.840908;,
   -64.089709;140.521638;-2.382260;,
   -61.151834;138.638272;-2.102229;,
   -61.135341;138.040435;-4.510522;,
   -57.912493;138.595046;-7.985031;,
   -61.379386;138.501069;-7.563028;,
   -50.176746;135.341555;-3.268659;,
   -50.477069;135.832858;-7.774029;,
   -56.436461;137.430554;-8.130825;,
   -57.431226;137.976640;-4.433496;,
   -56.668378;138.139482;-1.473832;,
   -55.989837;136.815782;-4.401137;,
   -55.210093;137.590195;-0.673873;,
   -49.802851;136.530470;-1.975335;,
   -55.175136;139.646144;0.556720;,
   -50.824710;138.871334;-0.868383;,
   -51.136746;141.973517;-0.860878;,
   -49.441853;141.819226;0.024504;,
   -49.614643;144.456922;-0.713264;,
   -47.364262;143.908147;-1.689094;,
   -50.879366;144.424704;-1.607588;,
   -49.404691;146.372954;-2.719751;,
   -50.521069;146.076723;-2.984350;,
   -53.397677;147.081728;-1.928347;,
   -54.793939;144.356262;-0.383472;,
   -55.152621;142.237005;0.294781;,
   -56.484173;139.879309;-0.134557;,
   -57.353792;142.410982;-0.553412;,
   -57.341318;144.302310;-1.233594;,
   -56.069011;146.145664;-2.639612;,
   -55.498061;146.602534;-5.478741;,
   -52.309971;147.838323;-4.810932;,
   -49.921642;147.376550;-10.196078;,
   -49.430874;147.039066;-5.574680;,
   -54.620256;146.576141;-9.187494;,
   -53.261037;143.826726;-11.153241;,
   -49.822576;144.077030;-12.655031;,
   -48.015165;146.606170;-9.477272;,
   -45.683261;147.932787;-5.670452;,
   -47.150998;145.712909;-3.548751;,
   -56.686586;144.905882;-11.673106;,
   -36.462352;144.987213;-0.824495;,
   -36.462797;147.436339;-2.850842;,
   -36.463126;148.441766;-5.733898;,
   -45.659955;146.412493;-9.370934;,
   -45.844128;144.161037;-12.471107;,
   -48.855686;141.119757;-13.572978;,
   -44.872288;141.177382;-13.340986;,
   -36.462602;141.385229;-12.504412;,
   -36.462966;144.503603;-11.721268;,
   -36.463155;147.160000;-9.077568;,
   -51.481120;141.236480;-12.199722;,
   -56.418803;142.098394;-12.580738;,
   -59.019194;142.381581;-11.371669;,
   -59.306368;145.029210;-10.570846;,
   -61.585389;142.661043;-11.240278;,
   -61.633971;145.550413;-10.307722;,
   -64.090528;143.136141;-9.744982;,
   -64.090701;145.038336;-8.841011;,
   -59.658214;146.386816;-8.135078;,
   -56.920621;146.803533;-8.682669;,
   -57.373331;147.572902;-5.627411;,
   -58.589280;146.940186;-2.019311;,
   -56.920621;146.803533;-8.682669;,
   -60.784563;144.520051;-0.128439;,
   -60.984198;146.571994;-1.951664;,
   -59.727763;146.808563;-5.519814;,
   -61.469587;146.888640;-8.254814;,
   -61.212832;147.610662;-5.423579;,
   -64.090714;145.670349;-7.255378;,
   -64.090637;146.108096;-4.825550;,
   -64.090451;145.491827;-2.029088;,
   -64.090182;144.638118;-1.113594;,
   71.386003;144.235277;-9.269908;,
   71.376512;143.076762;-9.867553;,
   71.376512;141.800384;-9.411976;,
   71.452883;141.000256;-7.929082;,
   71.431885;145.017062;-7.575110;,
   71.538374;140.607782;-5.275173;,
   71.526675;145.493773;-5.637334;,
   71.364838;140.855130;-3.780113;,
   71.370496;145.165094;-2.797888;,
   70.872941;141.499738;-2.127328;,
   70.731219;143.559514;-1.289520;,
   82.060794;143.219328;-9.252618;,
   81.854842;142.195878;-9.526144;,
   82.060794;143.219328;-9.252618;,
   81.673722;144.156621;-9.655117;,
   77.883085;138.734234;2.206944;,
   78.551194;138.537843;3.005091;,
   77.560090;139.014925;3.849835;,
   77.006746;139.228429;3.106449;,
   74.710739;142.960346;1.350532;,
   76.204115;143.520845;0.887836;,
   75.692154;143.976422;0.325420;,
   75.329389;142.478374;1.799550;,
   74.413088;141.194355;1.517264;,
   75.908582;140.615219;2.596076;,
   75.966554;139.577165;2.022233;,
   76.888243;138.929830;0.853648;,
   77.848250;139.394739;0.461239;,
   78.579347;139.084710;1.895682;,
   79.193875;138.863142;2.742052;,
   77.276307;139.540915;-1.762032;,
   77.414202;139.493619;-0.630141;,
   75.890547;139.098893;-0.154939;,
   81.006010;142.246298;-0.845350;,
   78.751814;141.225856;-2.834601;,
   81.213882;141.475738;-2.385264;,
   78.717376;140.711821;-1.364153;,
   78.311418;140.450573;-0.452598;,
   78.327590;140.116659;0.496863;,
   79.037459;139.633907;1.704647;,
   79.630675;139.522675;2.527165;,
   79.948672;139.357005;2.911755;,
   79.413773;138.826150;3.183618;,
   79.647034;140.605030;2.836797;,
   79.032026;140.932851;2.203940;,
   78.545318;141.468582;1.148197;,
   78.668627;141.840422;0.565715;,
   79.303725;142.064371;0.029871;,
   80.686445;139.284058;5.481706;,
   80.765760;139.928115;5.783578;,
   80.353286;139.453043;6.182480;,
   80.612243;140.219110;5.000484;,
   80.666323;139.236608;4.807432;,
   80.141997;139.288845;3.350436;,
   80.125914;140.422298;3.602872;,
   79.842912;140.529267;3.132854;,
   80.171584;138.811136;5.751694;,
   79.767027;139.010726;6.307318;,
   79.118451;138.847002;5.783830;,
   80.518586;139.009114;5.720108;,
   80.329421;138.789683;4.994701;,
   79.625242;138.781581;3.614549;,
   79.877824;138.512333;5.220924;,
   78.974413;138.456755;3.933130;,
   78.738432;138.487552;3.515565;,
   77.798202;138.931290;4.150361;,
   78.157760;138.891162;4.582426;,
   77.658739;139.742208;4.315952;,
   78.077741;139.645082;4.797772;,
   78.225754;140.588518;4.151215;,
   78.047885;140.667584;3.968564;,
   78.707258;140.403507;4.696906;,
   79.045363;139.507802;5.941920;,
   79.488141;140.182541;5.905890;,
   79.591277;139.561062;6.341300;,
   79.908237;139.995443;6.368242;,
   80.353286;139.453043;6.182480;,
   80.295578;140.207987;5.971961;,
   80.113478;140.488896;5.381808;,
   79.546387;140.740173;4.065849;,
   80.353286;139.453043;6.182480;,
   80.765760;139.928115;5.783578;,
   80.612243;140.219110;5.000484;,
   80.125914;140.422298;3.602872;,
   79.182022;140.884979;3.556949;,
   79.842912;140.529267;3.132854;,
   79.647034;140.605030;2.836797;,
   78.988205;140.994278;3.318548;,
   78.401715;141.321997;2.782234;,
   77.631533;140.950374;3.503064;,
   76.599488;141.659456;2.789468;,
   77.570829;142.188211;1.958547;,
   76.554778;143.012224;1.518233;,
   77.781293;142.899763;0.954484;,
   77.420333;139.857318;4.074253;,
   76.940384;140.103283;3.443188;,
   77.752410;143.443085;0.558670;,
   82.836198;145.403699;-1.704798;,
   82.524550;144.717786;-0.666923;,
   84.477434;144.686106;-0.754006;,
   81.422746;145.770176;-1.817401;,
   81.812666;145.663974;-3.415430;,
   79.389146;145.658022;-1.813818;,
   81.139635;144.888026;-0.601400;,
   79.199174;144.293658;-0.176642;,
   77.839142;144.157696;-0.059497;,
   79.087386;142.904269;0.052351;,
   81.214246;143.165594;-0.123227;,
   82.505645;143.588518;-0.326369;,
   84.509856;143.755635;-0.424090;,
   85.261171;144.668787;-0.681708;,
   86.040499;145.089946;-1.486723;,
   85.377702;145.174746;-1.561298;,
   85.751117;144.605901;-0.617904;,
   85.563232;143.751552;-0.287658;,
   85.224531;143.754470;-0.340408;,
   82.337421;142.578739;-0.865273;,
   84.679885;142.875750;-0.922352;,
   85.349933;142.851674;-0.812221;,
   85.688250;142.914778;-0.758201;,
   86.316742;143.750566;-0.288163;,
   86.375674;144.613235;-0.621827;,
   82.590605;142.617024;-2.261749;,
   82.921965;142.898022;-3.191527;,
   84.881350;143.001101;-2.841804;,
   84.836288;142.665190;-1.853102;,
   84.774016;143.930624;-3.215273;,
   83.134170;143.983322;-3.430281;,
   82.813856;142.850995;-3.593551;,
   82.849274;143.912755;-3.540442;,
   87.833190;143.746278;-0.319254;,
   86.255904;142.847066;-0.768118;,
   85.829069;142.724275;-1.686243;,
   85.489120;142.632474;-1.734280;,
   85.555373;142.982733;-2.807976;,
   85.521773;143.945421;-3.164255;,
   86.298221;142.626176;-1.676584;,
   87.997114;142.726362;-1.577689;,
   86.378816;142.974797;-2.687316;,
   85.895648;143.047014;-2.732888;,
   85.863021;143.944154;-3.134511;,
   88.242886;143.190003;-2.457124;,
   88.230010;143.913510;-2.756388;,
   88.559283;143.909760;-2.702685;,
   87.954970;143.917069;-2.799534;,
   87.983904;143.036442;-2.498173;,
   86.495654;143.936742;-3.055855;,
   89.910752;143.896371;-2.526666;,
   89.882950;143.194291;-2.251689;,
   88.515520;143.109965;-2.415246;,
   88.252243;142.947622;-1.541786;,
   88.171450;143.072448;-0.713597;,
   87.910400;142.917363;-0.735474;,
   89.859923;142.968922;-1.493938;,
   90.557664;143.401050;-1.955658;,
   88.506259;142.836672;-1.529884;,
   88.446899;142.996109;-0.723836;,
   88.444186;143.746112;-0.321559;,
   88.111162;143.745830;-0.319422;,
   89.850970;143.093581;-0.743459;,
   89.845702;143.748941;-0.369365;,
   90.549939;143.334502;-0.922153;,
   90.635437;143.201690;-1.467302;,
   90.924896;143.870669;-1.401225;,
   90.744525;143.914458;-2.131413;,
   90.714112;143.815885;-0.653002;,
   90.551898;144.359757;-0.843563;,
   90.924896;143.870669;-1.401225;,
   89.856749;144.366349;-0.640939;,
   88.500429;144.457408;-0.617436;,
   88.131910;144.514291;-0.623083;,
   87.801741;144.505408;-0.633846;,
   86.593261;145.114957;-1.470531;,
   87.780928;144.995981;-1.427991;,
   88.176678;144.961805;-1.399491;,
   88.583923;144.883302;-1.373284;,
   86.499571;144.742003;-2.555369;,
   87.874387;144.623578;-2.383762;,
   88.202470;144.630246;-2.341900;,
   88.568435;144.570637;-2.298476;,
   89.889542;144.468250;-2.165689;,
   89.911590;144.755674;-1.322300;,
   88.230010;143.913510;-2.756388;,
   88.559283;143.909760;-2.702685;,
   89.910752;143.896371;-2.526666;,
   90.559846;144.426650;-1.881903;,
   90.676256;144.595597;-1.362821;,
   90.744525;143.914458;-2.131413;,
   84.440275;145.099213;-1.676944;,
   85.468416;144.800960;-2.655404;,
   85.960269;144.739290;-2.608671;,
   86.495654;143.936742;-3.055855;,
   87.954970;143.917069;-2.799534;,
   84.679853;144.813696;-2.715990;,
   85.863021;143.944154;-3.134511;,
   85.521773;143.945421;-3.164255;,
   84.774016;143.930624;-3.215273;,
   83.134170;143.983322;-3.430281;,
   83.088698;144.956634;-2.921313;,
   82.787629;144.709197;-3.542345;,
   82.849274;143.912755;-3.540442;,
   77.724576;145.532109;-1.790389;,
   79.302323;145.711629;-3.316384;,
   79.216077;146.066586;-4.692730;,
   81.581754;146.211008;-4.956107;,
   81.613952;145.768371;-6.385022;,
   79.040877;145.874970;-6.148690;,
   81.203507;145.732774;-7.638965;,
   78.879808;145.745984;-7.313777;,
   80.892224;145.107238;-8.741574;,
   75.239194;145.673190;-3.162341;,
   75.294797;145.348314;-1.756190;,
   77.599475;145.694861;-3.249197;,
   77.275910;145.897779;-5.986581;,
   76.469069;144.107149;-10.742013;,
   74.600371;144.287130;-10.417692;,
   74.638746;145.459110;-7.944322;,
   76.965120;145.396762;-8.272946;,
   78.099226;143.950144;-11.024934;,
   78.644563;144.753165;-9.849458;,
   78.814528;145.347187;-8.534194;,
   74.956282;145.927770;-5.773528;,
   73.065414;145.546330;-2.951260;,
   73.125094;145.850368;-5.700810;,
   74.596378;142.963699;-10.992560;,
   71.376512;143.076762;-9.867553;,
   72.710278;144.256640;-9.742778;,
   72.838880;145.373235;-7.737101;,
   71.526675;145.493773;-5.637334;,
   71.370496;145.165094;-2.797888;,
   73.249254;144.970982;-1.576244;,
   71.386003;144.235277;-9.269908;,
   71.431885;145.017062;-7.575110;,
   73.938982;143.678067;0.412260;,
   71.760301;142.458342;-0.320838;,
   73.030470;141.700864;1.008936;,
   72.322112;140.160435;-1.623048;,
   73.161882;140.057037;-0.510614;,
   74.650394;139.788416;0.682306;,
   74.862989;139.209843;-1.471708;,
   73.819699;139.623590;-3.122319;,
   73.354675;140.062835;-4.192412;,
   70.731219;143.559514;-1.289520;,
   70.872941;141.499738;-2.127328;,
   71.364838;140.855130;-3.780113;,
   73.106035;140.459315;-5.538581;,
   76.444883;141.024640;-5.996400;,
   73.793504;140.265933;-8.724292;,
   76.610138;140.564518;-9.053625;,
   76.275590;141.393651;-10.685185;,
   77.681184;141.488909;-10.893710;,
   74.596378;141.101542;-10.436066;,
   74.596378;142.963699;-10.992560;,
   76.335680;142.944845;-11.131255;,
   77.561248;142.931546;-11.228983;,
   79.499616;141.439130;-11.163482;,
   79.499328;142.910541;-11.650384;,
   80.612154;141.935885;-11.291051;,
   79.826022;141.199846;-10.019651;,
   71.538374;140.607782;-5.275173;,
   71.452883;141.000256;-7.929082;,
   71.376512;141.800384;-9.411976;,
   71.376512;143.076762;-9.867553;,
   80.950285;141.912512;-10.358951;,
   80.141299;141.573658;-8.877521;,
   81.836454;142.048768;-8.927500;,
   80.770522;141.937587;-6.307420;,
   82.278074;142.192870;-7.724088;,
   82.552198;142.403763;-6.380992;,
   82.732070;142.908736;-6.870777;,
   82.823334;142.732237;-6.408578;,
   83.071501;143.191501;-5.998654;,
   82.807738;142.375898;-4.984457;,
   82.453658;142.614029;-7.737766;,
   82.387571;142.821990;-8.835214;,
   81.939866;142.569459;-9.109596;,
   81.854842;142.195878;-9.526144;,
   82.573670;142.437210;-3.654269;,
   81.196045;141.669926;-3.736456;,
   81.086291;141.661427;-5.170663;,
   78.125427;141.226560;-9.287131;,
   78.689299;141.682368;-6.312386;,
   78.912275;141.571802;-4.193780;,
   82.421888;142.381760;-2.295804;,
   83.051712;142.789978;-5.056642;,
   83.174362;143.110682;-4.040485;,
   82.813856;142.850995;-3.593551;,
   82.921965;142.898022;-3.191527;,
   82.590605;142.617024;-2.261749;,
   82.337421;142.578739;-0.865273;,
   91.657043;144.828365;-6.760710;,
   90.479021;144.867162;-6.737487;,
   90.643539;145.252109;-5.922736;,
   89.821440;145.349837;-5.827800;,
   90.647034;144.867162;-4.937554;,
   89.878784;144.939968;-4.790000;,
   90.700499;144.243520;-4.593971;,
   92.008621;144.299891;-4.904224;,
   91.800672;144.828365;-5.155200;,
   91.857376;145.051392;-6.062247;,
   92.135405;144.306432;-6.093840;,
   91.825683;144.299891;-7.017066;,
   90.464800;144.243725;-7.080045;,
   89.698272;144.939968;-6.706043;,
   92.135405;144.306432;-6.093840;,
   91.799834;143.800218;-5.157640;,
   90.464800;144.243725;-7.080045;,
   91.825683;144.299891;-7.017066;,
   91.656768;143.800205;-6.758004;,
   91.814547;143.634061;-6.057196;,
   90.553235;143.374400;-5.912019;,
   90.468198;143.554381;-6.723298;,
   89.622099;144.251866;-7.074950;,
   89.638867;143.474778;-6.704740;,
   89.330502;143.551578;-6.697618;,
   89.453978;143.367718;-5.785476;,
   89.170061;143.144461;-5.753055;,
   88.940141;144.252147;-7.050563;,
   89.250349;144.251712;-7.062623;,
   89.230349;143.395482;-4.671796;,
   87.295149;143.352922;-4.437049;,
   86.410739;143.320704;-6.376507;,
   87.087936;143.352922;-6.444364;,
   87.202682;143.081587;-5.511504;,
   87.047469;144.255130;-6.872079;,
   89.040448;143.395456;-6.674880;,
   86.619827;143.320730;-4.353758;,
   86.557818;143.035482;-5.439446;,
   86.277376;144.255450;-6.797396;,
   86.138778;143.125530;-5.393132;,
   85.988710;143.376371;-6.321925;,
   85.822112;144.222643;-6.734970;,
   85.339418;143.298278;-6.252549;,
   85.080275;144.255936;-6.682708;,
   83.071501;143.191501;-5.998654;,
   83.387251;144.214925;-6.467174;,
   82.823334;142.732237;-6.408578;,
   82.565338;143.974490;-6.362260;,
   86.200045;143.379469;-4.316850;,
   85.527680;143.298266;-4.285487;,
   85.513549;143.003482;-5.324643;,
   83.174362;143.110682;-4.040485;,
   83.051712;142.789978;-5.056642;,
   82.849274;143.912755;-3.540442;,
   82.813856;142.850995;-3.593551;,
   86.181030;144.242739;-3.886810;,
   85.368486;144.255936;-3.854406;,
   83.627226;144.255936;-3.646954;,
   82.787629;144.709197;-3.542345;,
   83.499891;145.142438;-4.010972;,
   81.812666;145.663974;-3.415430;,
   83.420947;145.823987;-5.136647;,
   81.581754;146.211008;-4.956107;,
   81.613952;145.768371;-6.385022;,
   86.018938;145.101683;-4.284984;,
   85.268218;145.206682;-4.259746;,
   85.721530;145.463706;-5.346850;,
   85.809478;145.101683;-6.312050;,
   85.071213;145.206682;-6.218106;,
   85.051226;145.564570;-5.269690;,
   83.397094;145.161971;-6.057551;,
   82.543520;144.711078;-6.366696;,
   82.565338;143.974490;-6.362260;,
   83.387251;144.214925;-6.467174;,
   85.080275;144.255936;-6.682708;,
   85.822112;144.222643;-6.734970;,
   86.317446;145.142720;-6.374228;,
   86.277376;144.255450;-6.797396;,
   86.439725;145.623258;-5.426704;,
   87.487302;145.556096;-5.543434;,
   87.192141;145.087206;-6.463982;,
   87.047469;144.255130;-6.872079;,
   88.919309;144.986624;-6.654242;,
   88.927782;145.458266;-5.725740;,
   89.107725;144.986624;-4.664782;,
   89.472243;144.996288;-4.723190;,
   89.517702;144.251712;-4.340830;,
   89.883027;144.251866;-4.412678;,
   89.519040;143.551744;-4.715143;,
   89.368211;145.426240;-5.776040;,
   89.287386;144.996288;-6.679500;,
   88.940141;144.252147;-7.050563;,
   89.250349;144.251712;-7.062623;,
   89.622099;144.251866;-7.074950;,
   90.629242;143.554227;-4.946632;,
   89.820678;143.474880;-4.777667;,
   89.736691;143.257933;-5.817741;,
   89.212448;144.252147;-4.282601;,
   87.349440;144.255130;-4.010872;,
   86.581818;144.255450;-3.913930;,
   87.401107;145.087206;-4.440885;,
   86.528154;145.142720;-4.335643;,
   -36.461194;136.273805;-0.846545;,
   -44.489574;136.567386;-1.792373;,
   -36.461501;138.847194;-0.176293;,
   -36.461898;141.937933;-0.050960;,
   -46.789325;141.601741;-0.930287;,
   -45.737110;138.926784;-1.041919;,
   -48.849149;138.595341;0.062460;,
   69.537523;141.347622;-0.556931;,
   72.021562;142.410227;0.712232;,
   69.508986;142.336090;-0.489675;,
   72.223494;142.280589;-0.459745;,
   71.989274;140.534771;-1.051523;,
   71.974490;140.902464;-1.288207;,
   69.761626;140.413798;-1.408664;,
   72.026125;140.067418;-4.846394;,
   69.652864;139.978573;-4.694607;,
   69.737030;140.597888;-8.460038;,
   72.225050;140.738803;-9.117523;,
   69.746490;142.199360;-9.697438;,
   72.219238;142.408704;-10.412903;,
   72.223494;140.902464;-8.243237;,
   72.223494;142.280589;-9.529131;,
   72.010285;140.617037;-4.841910;,
   88.677325;143.854285;-10.850882;,
   88.737504;144.477696;-10.524694;,
   89.852902;144.438899;-10.650032;,
   89.968077;143.910426;-10.922095;,
   90.385728;143.916979;-10.138620;,
   89.165254;144.477696;-8.849014;,
   89.015974;144.814144;-9.752442;,
   88.233075;144.911885;-9.543020;,
